1
1 需要1个栈
2
1 2 需要1个栈
2
2 1 需要1个栈
3
1 2 3 需要1个栈
3
1 3 2 需要1个栈
3
2 1 3 需要1个栈
3
2 3 1 需要2个栈
3
3 1 2 需要1个栈
3
3 2 1 需要1个栈
4
1 2 3 4 需要1个栈
4
1 2 4 3 需要1个栈
4
1 3 2 4 需要1个栈
4
1 3 4 2 需要2个栈
4
1 4 2 3 需要1个栈
4
1 4 3 2 需要1个栈
4
2 1 3 4 需要1个栈
4
2 1 4 3 需要1个栈
4
2 3 1 4 需要2个栈
4
2 3 4 1 需要多于两个栈
4
2 4 1 3 需要2个栈
4
2 4 3 1 需要2个栈
4
3 1 2 4 需要1个栈
4
3 1 4 2 需要2个栈
4
3 2 1 4 需要1个栈
4
3 2 4 1 需要2个栈
4
3 4 1 2 需要2个栈
4
3 4 2 1 需要2个栈
4
4 1 2 3 需要1个栈
4
4 1 3 2 需要1个栈
4
4 2 1 3 需要1个栈
4
4 2 3 1 需要2个栈
4
4 3 1 2 需要1个栈
4
4 3 2 1 需要1个栈
0
需要1个栈
